8
1 5.0 0.0 0.0
2 4.3 5.0 10.0
3 5.2 9.0 13.0
4 1.9 30.0 33.5
5 1.6 50.0 60.0
6 2.5 52.0 54.6
7 7.7 37.0 55.7
8 3.4 58.0 60.0
1 2 2.1
1 3 3.3
1 4 8.0
1 5 5.2
1 6 3.8
1 7 4.1
1 8 1.6
2 1 2.1
2 3 1.0
2 4 0.9
2 5 7.1
2 6 4.3
2 7 3.5
2 8 2.9
3 1 3.3
3 2 1.0
3 4 9.0
3 5 3.4
3 6 7.2
3 7 2.3
3 8 1.4
4 1 8.0
4 2 0.9
4 3 9.0
4 5 1.6
4 6 5.2
4 7 4.3
4 8 2.8
5 1 5.2
5 2 7.1
5 3 3.4
5 4 1.6
5 6 1.1
5 7 2.7
5 8 3.3
6 1 3.8
6 2 4.3
6 3 7.2
6 4 5.2
6 5 1.1
6 7 6.2
6 8 4.8
7 1 4.1
7 2 3.5
7 3 2.3
7 4 4.3
7 5 2.7
7 6 6.2
7 8 1.1
8 1 1.6
8 2 2.9
8 3 1.4
8 4 2.8
8 5 3.3
8 6 4.8
8 7 1.1
