8
1 10.5 0.0 0.0
2 9.0 460.0 500.0
3 20.5 350.0 400.0
4 4.5 120.0 150.5
5 2.0 250.0 350.0
6 4.4 80.0 95.9
7 7.8 200.0 300.0
8 10.0 150.0 240.0
1 2 22.2
1 3 36.8
1 4 15.9
1 5 70.7
1 6 62.3
1 7 41.8
1 8 23.4
2 1 22.2
2 3 80.0
2 4 76.6
2 5 50.0
2 6 100.0
2 7 95.5
2 8 39.9
3 1 36.8
3 2 80.0
3 4 51.2
3 5 47.7
3 6 78.5
3 7 23.2
3 8 34.6
4 1 15.9
4 2 76.6
4 3 51.2
4 5 17.8
4 6 27.9
4 7 92.7
4 8 94.8
5 1 70.7
5 2 50.0
5 3 47.7
5 4 17.8
5 6 77.0
5 7 12.0
5 8 11.9
6 1 62.3
6 2 100.0
6 3 78.5
6 4 27.9
6 5 77.0
6 7 48.2
6 8 24.8
7 1 41.8
7 2 95.5
7 3 23.2
7 4 92.7
7 5 12.0
7 6 48.2
7 8 39.3
8 1 23.4
8 2 39.9
8 3 34.6
8 4 94.8
8 5 11.9
8 6 24.8
8 7 39.3
